{
"unique-id-service": 2.3704347826086956, 
"write-user-timeline-service": 5.758260869565217, 
"user-mongodb": 0.5630769230769231, 
"user-mention-service": 4.672809364548495, 
"home-timeline-service": 430.09023411371237, 
"user-timeline-service": 17.639632107023413, 
"user-timeline-mongodb": 9.05923076923077, 
"post-storage-mongodb": 16.275886287625422, 
"user-service": 2.3173244147157193, 
"social-graph-redis": 1.2617725752508362, 
"text-service": 12.93324414715719, 
"write-home-timeline-rabbitmq": 12.66180602006689, 
"compose-post-service": 38.316923076923075, 
"write-home-timeline-service": 16.343545150501672, 
"compose-post-redis": 4.030401337792642, 
"media-filter": 547.6652173913044, 
"user-timeline-redis": 1.0851839464882942, 
"social-graph-service": 5.986655518394649, 
"url-shorten-service": 3.7713712374581942, 
"nginx-thrift": 627.0979598662209, 
"post-storage-memcached": 24.90515050167224, 
"post-storage-service": 324.80906354515054, 
"media-service": 22.331672240802675, 
"user-memcached": 2.8768896321070234, 
"social-graph-mongodb": 0.5673913043478261, 
"text-filter": 6.930769230769231, 
"home-timeline-redis": 10.323511705685618, 
"write-user-timeline-rabbitmq": 10.140702341137123
}